Multiple size <= 100
TEST 1 ARG:70 60 78 77 73 13 74 85 48 15 21 43 10 57 2 44 89 63 19 58 61 52 8 69 45 6 17 80 11 54 38 7 79 91 1 92 50 62 18 40 99 68 0 29 41 65 24 93 27 39 32 72 56 76 42 4 23 33 53 86 28 96 37 67 59 90 81 88 20 35 16 55 75 64 83 82 31 66 12 47 3 14 22 46 25 87 94 97 71 26 34 5 36 95 9 84 98 51 30 49
TEST 2 ARG:82 71 18 16 40 96 53 37 39 78 27 29 95 43 85 35 14 88 23 47 26 50 31 86 48 13 21 59 34 92 7 60 75 98 67 2 69 30 44 72 68 5 46 51 9 11 56 80 65 22 70 63 1 52 6 10 99 17 41 0 28 76 94 87 97 3 58 55 25 81 91 42 49 73 61 15 12 38 62 83 19 79 4 57 45 77 66 74 90 36 89 33 8 64 20 32 84 54 93 24
TEST 3 ARG:22 13 61 57 74 38 42 34 92 93 12 47 28 36 9 40 48 91 78 87 8 19 98 10 29 52 89 49 15 14 2 35 73 53 41 4 70 71 7 56 0 58 68 39 69 75 32 51 62 30 80 66 17 21 18 54 25 11 16 31 43 44 97 6 3 27 81 72 50 20 60 59 33 24 90 26 67 63 64 45 86 94 79 46 83 23 82 99 5 65 76 77 85 88 96 1 55 84 37 95
TEST 4 ARG:72 89 96 77 19 38 17 58 63 66 21 25 52 56 92 16 73 50 57 35 67 40 37 80 6 23 39 91 2 97 41 4 29 33 22 55 69 54 15 59 12 7 13 65 14 71 49 53 70 99 82 32 11 1 28 10 9 94 60 5 43 20 95 0 44 48 42 74 18 51 64 90 98 34 45 36 75 76 24 26 84 30 83 31 88 8 27 79 46 87 62 78 85 81 86 93 47 61 68 3
TEST 5 ARG:71 19 77 97 93 27 91 47 15 67 94 72 75 1 39 90 10 96 87 31 60 70 80 38 50 46 30 29 78 14 62 74 20 83 56 66 9 55 52 68 99 69 36 84 73 24 51 89 61 0 57 88 7 4 2 28 76 43 33 85 5 63 17 35 42 79 92 18 48 16 22 11 49 40 34 64 86 25 81 59 95 65 54 13 3 32 45 6 53 44 26 23 8 98 58 41 12 82 21 37
TEST 6 ARG:32 10 18 69 36 90 88 70 87 29 55 60 21 4 15 54 37 61 8 59 23 9 84 76 58 2 38 77 79 7 30 68 89 51 0 33 92 48 62 78 93 40 34 19 72 82 46 83 49 80 56 25 65 91 3 27 85 99 31 73 24 6 1 64 5 57 74 26 44 47 11 22 20 35 12 94 13 98 67 50 86 43 75 17 41 52 45 97 96 63 71 16 42 66 28 53 81 39 95 14
TEST 7 ARG:85 98 75 82 91 60 69 44 62 31 71 48 33 10 56 80 87 21 88 40 58 72 4 55 1 9 12 38 20 52 83 97 79 39 19 78 89 81 76 23 27 94 42 96 95 36 90 28 64 67 32 7 68 50 11 30 34 24 63 2 86 57 25 61 54 45 18 46 6 0 99 8 74 16 3 70 47 73 29 93 5 53 49 51 13 17 65 92 59 35 41 14 15 77 22 84 26 37 43 66
TEST 8 ARG:21 71 94 98 56 0 39 59 74 17 87 6 58 80 11 18 5 61 16 75 57 42 95 20 69 66 23 25 15 99 53 97 2 88 76 91 78 12 84 3 34 92 82 8 4 63 68 44 93 73 72 60 38 13 1 28 22 67 36 86 62 49 96 30 47 51 9 33 50 35 81 43 27 24 54 14 65 85 37 40 64 29 55 48 79 52 90 7 19 70 10 45 89 46 31 32 83 41 26 77
TEST 9 ARG:72 18 83 51 33 68 98 35 28 54 92 58 45 89 37 95 50 73 49 12 59 23 66 79 19 74 61 65 14 20 75 86 70 7 88 52 94 63 97 80 93 9 30 67 21 0 91 99 87 15 82 1 3 76 8 17 57 5 64 36 27 11 6 2 53 46 90 41 47 96 78 48 42 69 43 34 16 39 26 4 40 13 24 29 55 60 81 38 77 31 56 25 22 10 44 85 62 32 84 71
TEST 10 ARG:22 17 43 81 2 97 16 51 94 83 92 70 38 12 39 4 36 8 54 71 49 86 46 90 19 33 11 3 72 82 23 9 79 1 95 84 42 48 87 6 99 28 62 68 37 85 74 20 18 53 5 24 89 58 0 75 26 41 34 32 80 73 69 76 44 98 50 47 35 29 78 30 61 88 31 27 59 65 15 10 55 25 57 14 45 40 96 13 91 56 63 64 66 7 67 52 60 77 21 93
TEST 11 ARG:99 67 5 82 76 20 34 17 62 19 4 7 72 35 94 36 8 2 6 88 93 53 1 22 79 3 75 25 31 55 64 83 51 41 44 27 26 71 23 95 50 18 70 87 42 84 37 9 59 89 40 45 91 85 10 29 39 13 68 69 14 33 61 12 81 58 78 43 46 15 28 96 16 24 74 30 80 66 86 97 38 65 90 32 54 98 56 21 11 77 47 63 60 52 48 73 0 92 49 57
TEST 12 ARG:27 62 40 95 53 28 5 65 45 4 84 37 10 96 29 25 71 55 42 74 31 80 83 79 98 12 18 38 22 85 61 34 8 57 70 56 3 24 89 78 75 68 19 69 11 66 64 23 60 72 81 39 16 7 86 50 76 44 41 43 15 47 87 33 59 77 17 92 90 1 88 54 73 2 51 58 9 46 36 32 93 35 97 99 0 21 26 14 49 48 63 82 94 30 91 13 52 6 67 20
TEST 13 ARG:76 11 6 26 59 98 74 45 54 91 69 23 92 50 44 40 7 25 81 31 51 42 43 49 46 96 12 95 39 35 68 48 29 79 15 28 0 30 89 72 34 17 10 65 58 16 70 73 5 14 8 37 87 55 84 22 18 1 82 3 32 38 19 90 99 63 20 83 62 21 64 80 47 57 61 56 9 94 27 75 2 53 52 36 86 24 67 33 41 93 66 60 78 71 88 4 85 13 97 77
TEST 14 ARG:85 70 63 60 36 47 50 78 98 54 38 11 37 69 16 51 40 0 6 8 49 3 2 26 21 4 33 88 10 15 59 72 55 18 65 1 46 44 34 13 20 29 84 90 35 45 27 93 22 81 89 77 19 14 57 67 9 39 12 62 76 53 56 52 92 86 7 97 5 73 79 24 91 94 31 41 87 74 95 96 80 28 64 61 99 71 23 83 17 75 48 58 42 32 43 82 68 30 25 66
TEST 15 ARG:60 40 32 2 84 9 37 58 62 65 38 20 99 88 47 66 98 76 50 0 93 85 11 22 13 24 21 80 31 73 42 52 48 19 33 69 43 53 14 90 81 30 68 28 5 96 41 63 10 1 95 25 6 39 91 72 34 55 64 8 82 15 89 7 12 83 77 75 78 35 74 29 18 3 36 92 57 67 86 87 17 4 97 46 26 27 16 71 79 59 51 45 54 23 44 94 56 70 49 61
TEST 16 ARG:81 42 70 43 60 9 71 87 0 64 45 84 12 74 69 32 47 44 39 35 16 92 62 15 96 73 89 76 56 3 88 11 40 52 24 55 91 26 36 30 95 17 79 82 33 75 83 22 23 54 13 65 1 28 21 27 77 59 50 85 14 46 97 63 90 72 78 10 68 31 34 58 66 2 6 53 98 41 80 29 25 51 37 94 4 18 67 57 20 49 7 93 38 61 86 99 8 19 48 5
TEST 17 ARG:96 19 87 58 12 73 72 84 55 32 43 64 63 81 61 39 85 38 74 36 53 99 8 71 65 83 92 56 22 52 30 98 24 37 10 79 46 62 91 5 28 9 51 54 3 33 94 31 35 13 40 78 44 80 86 67 21 11 60 93 41 14 75 42 89 70 26 68 7 95 88 45 20 48 59 29 4 97 69 76 23 25 27 16 2 6 34 49 66 47 17 82 57 18 50 15 90 0 77 1
TEST 18 ARG:49 64 69 7 0 25 29 39 94 47 20 45 41 28 32 24 22 38 62 82 2 11 90 19 87 21 23 26 65 79 6 84 83 99 67 48 50 66 35 18 34 89 1 27 3 93 12 78 51 42 98 73 52 60 30 85 37 58 15 36 40 81 74 96 10 44 70 5 63 56 55 92 97 77 76 53 31 14 91 75 8 80 13 17 59 43 88 33 95 71 68 9 54 72 57 61 4 16 46 86
TEST 19 ARG:92 88 66 55 81 26 85 93 43 45 32 73 87 97 4 68 14 62 11 22 69 27 71 50 37 57 96 53 12 78 51 18 72 60 8 98 54 91 70 29 59 30 83 7 10 31 40 52 90 24 17 39 77 89 94 5 99 67 74 41 42 82 84 63 20 3 19 25 2 38 23 58 61 49 64 75 6 36 0 65 16 44 46 47 86 80 21 15 56 9 34 48 79 33 76 35 1 13 28 95
TEST 20 ARG:23 91 1 78 69 85 50 5 38 93 94 84 25 67 90 73 80 0 65 58 2 27 99 44 87 30 68 37 4 9 53 82 28 70 86 49 57 16 64 98 74 10 22 41 12 33 75 95 43 34 32 83 36 29 35 54 81 7 77 76 59 3 66 17 62 42 13 47 19 88 89 21 60 26 24 51 40 92 6 46 14 11 61 96 56 15 79 52 8 71 39 45 18 72 97 20 55 63 48 31
TEST 21 ARG:49 1 71 25 22 91 78 20 67 79 60 38 34 16 24 39 55 41 17 82 40 18 96 86 61 4 57 6 45 23 99 2 70 92 98 37 0 87 75 95 33 69 51 14 47 64 77 43 30 80 26 93 46 81 88 50 84 97 9 29 44 76 83 63 13 58 89 42 8 85 48 65 32 72 35 52 73 7 11 15 66 54 62 27 3 21 12 10 53 31 94 59 68 56 36 19 74 28 90 5
TEST 22 ARG:63 82 47 7 42 65 99 75 90 71 81 10 54 37 23 5 49 21 68 28 17 34 89 11 27 45 0 24 58 4 46 16 64 53 80 9 88 38 31 60 13 73 39 8 83 84 93 87 70 92 76 61 32 59 51 85 44 74 3 78 36 30 69 33 29 57 12 20 95 77 94 19 25 96 26 43 97 79 2 35 66 14 50 62 52 15 41 22 18 55 48 72 98 91 67 86 1 56 40 6
TEST 23 ARG:48 44 1 37 21 85 69 33 74 84 13 5 75 7 8 86 53 42 49 24 57 95 39 34 32 50 66 16 28 64 82 4 97 98 88 3 78 52 63 38 18 83 10 40 73 25 90 6 9 92 2 30 80 99 81 93 87 41 67 36 91 68 45 55 47 70 62 31 43 27 76 17 26 71 58 12 94 0 79 61 29 65 23 14 60 96 15 11 59 54 72 77 35 56 19 20 89 22 46 51
TEST 24 ARG:85 88 39 86 94 3 0 64 95 70 30 63 1 38 29 61 47 90 75 43 27 34 74 33 23 68 37 12 56 15 73 36 46 14 16 62 76 52 79 20 91 50 32 58 11 45 57 40 82 17 4 99 93 28 31 42 44 77 98 18 67 53 49 21 54 13 89 48 5 10 78 35 51 87 24 96 59 7 60 2 69 72 25 41 97 66 80 81 84 19 9 22 8 65 92 6 83 26 71 55
TEST 25 ARG:7 57 23 64 16 43 26 0 8 28 69 92 17 67 21 86 46 62 12 56 41 52 32 96 27 98 79 66 90 60 95 49 6 14 25 63 10 93 20 1 68 3 58 30 48 65 33 99 44 53 19 9 31 18 2 38 77 80 55 88 4 89 39 94 22 47 71 54 34 51 29 37 78 81 85 35 50 83 74 45 61 36 11 5 97 70 40 15 82 24 87 42 91 72 76 59 84 75 73 13
TEST 26 ARG:26 67 47 46 53 82 40 80 39 59 9 48 76 68 85 45 5 95 31 10 27 83 64 91 2 99 43 28 44 87 3 18 35 70 78 12 74 98 24 88 97 69 42 72 77 13 89 16 1 55 21 19 93 52 33 94 56 14 7 62 58 63 41 73 15 0 25 4 96 71 84 36 61 38 20 49 34 37 65 23 54 32 86 81 30 22 60 51 57 79 92 90 66 50 11 17 29 6 8 75
TEST 27 ARG:71 51 25 50 39 46 73 98 81 4 65 69 49 40 54 60 27 96 23 41 64 85 74 62 63 0 36 87 57 72 7 32 88 47 76 14 59 20 33 75 83 99 30 95 8 5 10 37 19 93 56 44 66 21 80 35 6 22 82 61 84 1 18 90 78 68 52 67 17 28 97 3 58 24 38 77 89 92 91 9 16 45 86 31 53 34 43 13 55 26 2 42 12 15 29 48 70 94 79 11
TEST 28 ARG:92 58 2 9 53 71 41 8 86 4 55 43 50 23 52 6 61 1 22 32 0 65 66 82 35 21 7 93 40 17 78 72 3 27 59 28 11 94 25 42 84 77 20 56 95 18 26 46 47 16 29 49 88 67 76 13 33 80 45 62 97 10 36 73 51 12 37 34 75 74 85 79 99 91 44 24 31 39 60 30 5 89 81 48 98 15 19 87 68 38 64 83 14 54 96 70 63 57 90 69
TEST 29 ARG:29 10 9 97 32 21 53 18 39 62 76 45 79 1 26 14 86 40 4 37 78 82 56 99 33 94 80 69 85 12 68 73 28 75 59 24 13 65 63 17 20 16 83 25 60 98 15 34 44 51 27 57 49 43 61 88 91 66 54 96 36 55 42 11 90 35 48 6 93 5 31 3 8 2 22 77 84 38 74 95 47 70 89 50 67 7 23 58 71 92 64 81 72 46 30 19 41 52 87 0
TEST 30 ARG:97 51 16 12 98 18 94 63 57 82 92 20 9 89 49 59 60 56 95 30 23 70 27 88 2 1 76 45 71 3 41 68 42 78 69 77 54 7 46 93 25 81 4 62 74 48 34 14 35 44 86 73 19 26 6 79 21 55 65 64 90 37 32 10 84 99 39 38 5 80 72 83 8 53 43 61 52 58 11 67 24 28 31 40 66 87 36 17 29 91 0 13 33 96 15 85 47 75 22 50
TEST 31 ARG:54 58 17 99 45 13 4 93 61 65 24 48 94 64 51 6 80 66 79 90 77 98 15 63 40 86 37 3 87 27 50 89 33 53 8 41 52 25 22 39 31 56 5 57 70 60 73 95 97 43 74 88 21 38 81 83 96 14 7 72 0 47 2 71 92 69 1 68 18 82 32 36 55 49 76 59 46 85 42 30 19 67 84 28 29 75 34 23 44 20 9 62 26 11 12 16 10 78 35 91
TEST 32 ARG:13 55 4 23 35 30 12 96 42 37 1 38 47 82 63 20 8 10 33 45 95 58 44 57 76 50 3 46 49 14 71 24 70 2 7 90 80 15 68 16 54 64 67 93 53 73 17 48 94 60 40 84 66 26 74 65 97 5 69 18 36 78 61 27 98 51 32 99 22 89 29 72 77 92 81 83 19 9 28 21 75 88 86 91 52 11 0 85 43 6 34 31 79 25 87 59 41 62 56 39
TEST 33 ARG:93 57 38 32 63 30 41 45 39 8 42 74 92 10 11 48 79 60 66 46 85 23 40 65 33 14 13 94 7 4 35 61 19 78 22 99 88 2 6 51 80 17 15 95 43 72 36 73 20 71 81 90 28 37 24 44 54 16 70 97 3 49 12 53 0 76 21 83 56 25 62 34 26 69 68 58 50 67 82 77 84 47 55 86 31 52 9 89 87 64 29 91 1 5 27 18 75 98 96 59
TEST 34 ARG:65 21 51 45 37 64 49 25 63 41 2 27 87 74 28 1 70 69 9 47 78 26 62 11 92 18 48 83 82 7 89 77 61 14 81 38 99 86 34 84 50 94 80 71 72 10 98 59 76 0 5 97 19 44 96 93 95 12 35 66 13 29 4 36 90 58 53 57 32 31 91 73 60 68 22 85 43 16 15 46 67 3 30 52 75 23 6 54 39 40 79 56 88 55 24 8 17 42 20 33
TEST 35 ARG:42 71 2 21 1 19 67 9 62 8 64 85 54 82 20 36 61 78 93 51 38 26 79 56 11 43 73 50 45 88 70 24 65 12 97 15 47 34 57 17 41 13 16 52 3 39 7 55 27 87 4 0 81 80 68 18 94 75 44 29 53 30 14 31 76 10 84 77 6 58 48 99 23 66 90 49 37 40 95 32 33 5 96 22 25 60 72 69 59 28 74 92 86 83 46 35 63 89 98 91
TEST 36 ARG:95 55 69 15 54 18 76 85 19 66 4 40 33 23 64 12 5 56 72 34 58 57 28 3 92 21 10 61 73 46 48 90 0 39 70 20 83 99 77 87 79 80 50 91 43 89 8 7 30 63 74 9 35 17 67 49 88 1 97 41 16 32 68 81 47 22 96 31 84 75 24 78 94 65 93 71 27 37 51 52 25 42 38 36 11 98 53 6 14 13 2 82 62 29 26 60 44 45 59 86
TEST 37 ARG:4 67 43 91 95 45 6 73 92 59 0 47 26 27 31 25 52 14 22 50 17 10 11 75 23 15 51 44 32 5 64 9 71 87 18 89 84 36 21 97 90 99 81 30 7 70 80 12 28 13 53 78 61 55 88 86 48 65 34 24 46 54 29 96 63 49 74 94 77 16 20 39 68 98 38 2 3 66 33 1 83 82 42 60 57 76 69 35 8 79 41 40 85 56 58 37 62 19 93 72
TEST 38 ARG:99 56 65 34 28 27 40 6 1 23 55 86 18 53 69 72 49 70 5 7 63 29 59 88 89 30 0 15 20 64 79 50 46 92 17 25 97 94 11 58 38 98 54 62 68 37 77 22 85 26 76 47 24 43 45 52 57 84 80 61 90 35 93 73 21 8 60 36 14 75 44 96 12 3 67 83 33 42 13 48 9 31 66 91 71 82 4 95 74 2 51 81 41 39 19 32 10 87 16 78
TEST 39 ARG:32 73 14 50 99 55 48 44 70 37 66 87 95 81 71 11 62 74 5 51 61 76 42 89 58 94 39 65 93 0 26 98 21 82 83 36 20 78 30 41 9 90 29 3 18 34 19 46 47 49 60 16 85 53 7 38 91 97 45 4 56 59 64 1 13 57 23 67 75 40 43 68 6 63 52 33 84 8 77 22 12 17 31 2 80 54 27 96 24 10 88 25 35 28 79 72 92 15 86 69
TEST 40 ARG:18 21 57 51 34 22 19 73 38 8 41 43 7 4 13 93 26 12 2 1 27 61 25 3 46 39 59 35 92 37 98 67 33 91 31 30 9 0 96 56 29 47 58 94 97 16 82 89 11 6 77 55 54 74 79 10 20 83 44 45 49 85 87 90 64 60 84 95 15 66 28 68 76 88 23 48 69 63 32 62 75 71 40 86 14 24 99 17 36 42 65 80 53 50 70 81 72 52 5 78
TEST 41 ARG:19 35 3 10 45 97 1 78 55 84 31 30 14 54 60 69 82 61 25 4 62 74 22 48 24 9 37 46 70 50 56 63 44 88 91 43 34 39 29 21 41 42 6 94 93 95 47 81 8 79 96 2 89 13 17 23 59 5 66 68 87 40 67 52 64 28 0 16 18 26 36 7 38 51 33 57 27 85 77 15 73 98 99 53 58 65 20 75 12 80 90 92 86 72 49 76 11 71 32 83
TEST 42 ARG:94 25 95 37 61 16 66 19 35 18 74 76 23 68 0 20 8 9 87 27 81 31 24 57 54 59 5 6 14 22 50 41 65 39 10 58 1 60 89 72 64 77 91 78 90 49 30 17 98 63 11 83 12 7 21 44 97 71 62 38 96 40 29 79 45 34 36 93 92 70 28 99 46 32 42 43 48 52 53 86 82 13 47 88 15 55 51 85 2 4 84 73 3 33 56 69 75 26 80 67
TEST 43 ARG:64 11 49 52 15 2 48 94 65 20 25 75 83 78 91 5 89 53 45 7 68 37 46 41 28 40 9 59 79 88 44 56 58 67 23 73 35 84 77 24 39 50 34 86 12 69 55 71 4 62 63 30 43 31 92 57 10 42 96 16 72 14 1 27 93 17 32 85 47 70 29 80 18 3 26 22 6 99 38 90 8 61 66 36 0 74 54 21 82 81 97 95 19 87 51 13 60 33 98 76
TEST 44 ARG:98 84 63 28 6 59 54 62 4 99 61 91 33 77 68 50 0 45 96 21 97 90 36 76 27 41 18 3 81 67 19 22 92 66 69 43 51 31 49 42 2 95 34 12 46 57 73 53 17 25 29 74 1 82 48 89 52 93 40 7 70 37 55 71 58 56 35 15 20 72 80 38 47 16 8 24 11 14 75 9 32 79 64 13 60 23 88 85 65 39 83 44 86 5 94 30 78 10 26 87
TEST 45 ARG:45 51 90 20 3 16 76 56 73 65 58 13 74 18 88 21 28 94 54 81 57 87 24 47 71 32 4 14 66 9 23 22 59 96 75 35 72 6 67 7 97 33 48 80 78 92 52 49 85 99 89 12 19 68 5 44 83 37 38 39 62 29 79 41 36 98 69 95 31 91 42 8 27 25 70 84 1 50 86 46 11 61 0 93 10 2 64 43 60 53 30 77 34 55 40 26 82 15 17 63
TEST 46 ARG:41 54 98 64 91 32 25 75 58 66 33 0 94 97 44 23 47 35 2 56 46 50 51 5 71 79 42 68 92 99 48 57 21 62 65 61 12 52 24 70 95 81 13 19 10 3 60 27 78 80 84 17 69 90 15 11 85 89 53 39 87 49 73 63 36 4 77 34 83 72 26 37 9 45 76 93 7 67 16 30 88 96 43 31 1 8 38 29 18 82 55 59 86 6 14 28 20 40 74 22
TEST 47 ARG:86 75 59 70 81 10 26 57 84 96 24 28 18 67 91 49 44 83 79 80 98 9 88 64 69 78 39 74 85 65 73 77 41 90 11 35 46 36 76 56 97 54 94 63 17 93 14 1 4 72 30 31 6 42 43 23 37 12 92 15 3 16 0 51 40 99 22 66 71 55 29 45 27 7 62 60 5 34 20 95 47 61 89 82 32 33 8 25 19 58 53 68 50 38 87 21 48 2 13 52
TEST 48 ARG:44 83 90 25 55 96 75 63 59 82 89 39 71 61 51 43 91 66 6 21 85 4 77 52 7 40 50 86 81 34 58 35 8 38 97 48 46 12 33 30 16 1 20 28 94 70 64 14 74 76 47 42 93 67 31 78 68 92 60 36 11 88 73 87 10 13 29 57 37 27 23 54 26 98 32 22 49 5 53 18 84 2 65 62 56 19 69 15 79 9 95 41 45 17 0 99 80 24 72 3
TEST 49 ARG:49 28 46 58 42 90 65 47 27 88 29 22 2 39 17 83 32 52 62 36 72 35 73 16 55 44 75 71 18 79 43 81 8 91 37 76 5 11 66 23 25 94 50 56 85 84 69 89 10 51 82 53 38 80 34 63 26 3 57 31 67 48 19 59 14 24 99 4 12 86 97 7 68 33 61 70 41 40 78 92 54 6 93 96 30 74 21 13 98 64 1 0 20 45 77 9 95 60 15 87
TEST 50 ARG:80 66 3 32 64 30 81 69 96 46 41 91 82 88 50 76 74 31 90 23 62 58 56 33 27 14 8 87 68 84 65 95 35 52 18 61 45 86 57 25 24 83 26 48 85 2 10 67 70 42 92 34 79 0 98 12 6 15 55 93 77 20 75 9 99 72 94 73 60 97 54 13 49 17 71 51 28 63 4 37 22 29 11 16 53 89 43 47 44 38 5 1 36 19 78 21 7 40 39 59
TEST 51 ARG:2 83 85 17 56 30 92 43 79 41 99 48 81 96 12 61 80 70 34 52 62 45 42 1 91 20 7 14 28 95 63 31 35 26 27 49 51 55 19 40 90 67 3 15 21 44 93 69 22 10 64 39 66 71 24 57 6 33 37 68 29 0 46 86 58 73 47 59 76 77 94 54 9 11 82 23 84 13 53 78 50 4 18 16 87 36 38 72 8 97 32 89 75 5 25 98 60 88 65 74
TEST 52 ARG:18 28 16 11 15 43 26 61 63 1 19 86 35 82 8 71 92 10 85 36 78 67 3 75 48 60 22 44 56 80 76 55 88 49 14 98 95 73 42 32 12 37 53 31 70 58 96 40 97 45 69 51 84 77 47 2 93 21 39 52 50 87 66 34 0 33 81 38 29 7 99 64 65 13 24 94 25 91 20 90 46 62 30 57 54 79 4 17 74 23 59 6 83 5 27 41 68 9 89 72
TEST 53 ARG:83 72 36 11 46 64 75 81 45 79 95 42 29 14 84 27 87 2 71 86 35 19 16 99 53 9 30 23 37 28 85 44 93 34 31 59 68 90 74 97 7 69 58 10 38 91 54 25 70 43 18 49 6 78 76 77 96 52 4 12 66 24 40 51 65 39 63 92 62 55 41 21 82 8 50 26 57 56 88 67 98 73 33 89 61 13 47 3 15 1 20 5 0 94 32 80 48 22 60 17
TEST 54 ARG:79 23 21 2 91 72 63 65 14 15 34 95 84 75 29 87 47 43 20 60 96 13 77 24 57 3 5 12 82 31 71 44 39 4 98 93 17 52 48 41 55 22 25 59 97 0 40 45 81 54 78 6 70 10 8 38 49 33 68 62 32 28 56 88 69 73 50 58 18 80 99 53 64 74 36 37 26 11 9 90 30 19 42 66 89 85 16 67 51 76 7 1 46 61 27 86 94 92 83 35
TEST 55 ARG:83 85 29 82 77 30 24 87 78 81 47 49 80 58 63 1 40 74 94 31 71 12 53 37 42 48 65 15 27 66 34 64 22 54 98 86 39 46 50 89 5 79 75 8 56 60 43 51 33 18 26 32 55 67 6 25 17 90 7 19 57 62 96 59 21 52 91 35 73 20 9 99 61 88 4 72 0 69 45 2 76 36 97 95 14 38 11 70 93 44 28 3 16 68 84 92 41 13 10 23
TEST 56 ARG:25 9 4 38 75 15 96 84 99 67 68 55 16 98 50 66 26 5 7 33 78 70 18 17 76 6 81 59 3 1 19 41 73 20 30 92 36 89 45 62 31 34 56 37 14 27 72 95 97 29 71 2 77 63 47 87 32 11 54 23 22 91 94 61 65 21 24 90 48 64 42 35 79 86 52 57 82 74 0 13 85 12 28 60 83 39 88 46 10 43 80 40 44 8 58 69 51 49 53 93
TEST 57 ARG:13 34 5 62 24 58 54 4 76 63 52 25 10 59 12 45 32 79 29 3 87 80 0 69 94 98 85 38 41 90 17 18 88 86 33 56 84 64 96 15 44 53 36 9 73 82 65 27 6 40 99 70 81 97 2 77 7 21 67 19 95 16 14 37 48 26 68 61 31 71 74 66 47 92 11 42 39 35 51 83 93 75 30 78 72 46 55 60 89 43 20 1 49 28 91 22 8 57 23 50
TEST 58 ARG:1 2 41 89 66 75 88 51 81 80 43 36 32 21 77 92 37 27 67 72 33 13 87 54 19 16 24 50 38 84 79 97 61 14 6 53 10 91 71 22 68 69 62 90 57 28 98 8 29 60 31 52 85 30 73 49 82 83 64 40 70 9 18 42 65 59 7 26 12 15 46 17 74 34 3 11 5 35 25 63 95 20 56 58 45 76 94 4 47 93 39 86 44 78 0 55 48 96 99 23
TEST 59 ARG:53 78 89 36 27 34 35 93 99 74 1 14 10 48 46 88 11 66 51 97 24 80 49 56 79 54 33 50 45 43 91 30 71 81 12 83 13 68 72 90 20 2 58 28 69 76 21 44 64 70 31 87 55 8 39 75 63 52 82 6 47 60 92 73 37 94 96 23 98 85 7 3 77 18 65 5 59 41 42 25 19 32 26 62 67 29 0 61 95 40 4 86 38 17 22 57 84 15 9 16
TEST 60 ARG:27 9 73 79 55 50 16 49 18 81 13 5 51 72 68 91 20 12 66 11 0 87 54 25 43 80 85 82 36 46 23 69 35 63 29 39 65 92 26 57 28 97 94 53 19 42 96 78 24 52 17 59 14 75 1 74 7 95 21 6 33 76 90 47 58 64 34 88 98 62 10 70 8 30 83 60 32 48 93 37 67 40 41 89 45 2 71 44 56 3 77 86 22 61 38 84 31 4 15 99
